Community 1:
68341 155413 164460 172069 243265 164461 235581 29894 193787 61422 172067
Community 2:
408794 408789 332882 378820 408793 408795 408791 14565 408790 408792 212254
Community 3:
364447 395190 364450 364444 364451 389439 364449 364445 324613 364448 364446
Community 4:
138044 396635 360335 360339 360337 360336 360338 144686 381472 360334 401499
Community 5:
88133 88137 88136 88135 88134 87619 86972 87621 87620 728 28495
Community 6:
276696 265816 265818 265815 32788 271747 265819 265817 72919 265814 271746
Community 7:
247267 230156 247266 230151 230155 230152 230150 230157 230154 230153 106314
Community 8:
230980 86153 101562 230981 230979 230977 230978 230975 288583 230974 230976
Community 9:
384365 367824 367825 384364 367823 270902 261085 367821 367822 261084 270692
Community 10:
219195 204485 204484 204481 216030 204483 216031 223142 216032 204482 219194
Community 11:
194424 218120 272254 272256 277270 194426 194423 272257 272253 272252 272255
Community 12:
270132 368487 368510 261691 261692 261690 368488 261689 368512 301475 191585
Community 13:
265833 183151 265839 265834 265841 265844 265845 262900 265837 262899 265836
Community 14:
333279 322235 322239 322237 322233 322240 44630 322234 355427 322238 322236
Community 15:
249525 103281 239592 239593 240649 240651 240652 38286 233305 240650 163821
Community 16:
76731 76735 76732 76728 76729 76733 76730 76726 76727 76736 76734
Community 17:
286298 318993 318988 332695 318990 318991 135949 318989 318992 341495 318987
Community 18:
182079 49479 182078 4982 192422 192423 138188 192426 192425 192424 192427
Community 19:
414519 414518 190928 200215 414299 90343 381460 189394 414520 414521 189393
Community 20:
107327 134056 213381 219865 219836 219837 219833 213380 219835 213379 219864
Community 21:
183908 183903 183904 198259 183906 183909 183907 183911 183905 198258 183910
Community 22:
18900 18799 19422 20144 19423 18901 18902 19424 20145 19045 19425
Community 23:
350001 332066 332069 336914 338366 338368 332068 341177 358252 338367 336915
Community 24:
319975 319970 319972 319977 182581 256311 319971 289322 289321 319976 242652
Community 25:
78429 81442 78427 81444 78430 79948 78428 81443 77061 79949 81446
Community 26:
44283 49261 44282 35883 27379 44284 44246 44243 44244 36587 44245
Community 27:
284219 60618 291871 291877 291873 291876 291875 313828 291874 291872 291870
Community 28:
331594 331588 331589 228467 321542 325147 325148 331591 331592 331593 321543
Community 29:
325671 346307 325672 295176 260683 337928 217218 337925 337929 166278 337926
Community 30:
146096 146094 146704 146091 130478 146099 146703 146095 146098 146097 146093
Community 31:
134319 131804 134323 134324 35405 134318 134317 131476 134321 134320 134322
Community 32:
201521 78851 106996 114181 114921 371333 392445 275274 187622 267796 377332
Community 33:
256107 255870 140981 255867 256108 255872 255873 256106 256105 255868 255871
Community 34:
90841 89422 89420 89418 89423 89425 89421 38856 89419 89424 92100
Community 35:
233602 233607 233610 233606 233608 233609 200901 233611 233612 233601 233605
Community 36:
148988 82337 148991 83667 148989 148992 148994 148993 148986 119209 152977
Community 37:
158766 181941 181938 181940 181935 148671 181942 181937 181936 148668 148748
Community 38:
215014 204535 215013 111518 205763 215011 204536 204537 205762 215012 205766
Community 39:
405189 405186 389261 281332 405183 362473 405190 405182 405184 405185 362474
Community 40:
303597 231299 306405 248715 63741 306406 303594 306407 231256 206612 303596
Community 41:
148701 186549 186548 148697 186553 186550 186546 56017 148699 186547 186551
Community 42:
378110 378188 378184 378187 378111 378109 374537 374494 378112 378183 378185
Community 43:
98250 33639 98249 53266 98248 30811 98244 98242 67165 98243 99487
Community 44:
146987 258844 193670 301418 129611 301401 90089 99916 301938 290148 122493
Community 45:
145858 277143 259990 277146 277142 277271 259991 277144 277145 259992 284400
Community 46:
120073 120072 120071 164260 122847 120070 164259 62758 164258 164257 175691
Community 47:
364590 364592 364587 364589 134622 399056 400641 364591 364593 364588 396707
Community 48:
401146 361165 361157 361159 361160 361156 361163 162145 361164 361158 361161
Community 49:
238946 209279 265657 265653 281583 195958 265651 265654 265656 265655 238746
Community 50:
93871 241798 235829 235828 228253 235795 235793 235830 241800 241801 235794
Community 51:
287349 320609 320608 320456 320610 28017 342213 320607 33738 341982 320612
Community 52:
318142 396561 287333 287334 287330 396559 287335 287331 76477 287336 396560
Community 53:
384841 172416 384842 217941 172414 172549 384844 304611 384838 384843 384839
Community 54:
325029 329382 155358 329381 41826 273053 75725 350073 263268 352812 344007
Community 55:
233641 348410 233645 233644 360842 233643 361830 360843 360847 360844 360841
Community 56:
155766 296273 296270 296269 298939 298940 312332 302636 261868 296272 312331
Community 57:
326083 326082 344008 326084 326085 30690 335765 335767 326078 326080 326087
Community 58:
129704 129702 138675 121661 129698 138674 129703 138676 138697 129700 129696
Community 59:
297212 123174 115233 123173 116071 160077 332953 332956 332954 332955 305535
Community 60:
65510 69648 70624 65509 65366 65508 69651 69649 73494 65507 70623
Community 61:
74927 68013 69621 69619 10093 70328 69622 46528 69626 69628 69625
Community 62:
39434 21412 7525 1282 38318 38316 38319 38322 41600 38315 38321
Community 63:
336033 330596 336031 332652 332653 336032 336036 336042 336038 336040 336044
Community 64:
7020 29790 24591 29791 24608 29787 29788 11585 12272 29789 24607
Community 65:
163721 371290 371292 379437 371291 260163 379440 68384 379436 371294 379438
Community 66:
10607 247588 237431 229003 247586 237429 247585 237426 237430 237428 237456
Community 67:
149048 166214 149047 183878 187471 149049 187476 183877 44265 166211 187478
Community 68:
245705 364847 364856 364854 364857 364846 364852 364862 364850 364853 364848
Community 69:
169258 169259 179243 154228 318931 318932 332789 332785 332788 318933 332783
Community 70:
242216 242214 242215 242208 242207 242211 242212 319101 318607 318609 242210
Community 71:
291721 210072 33689 291724 286585 195177 291725 291719 286587 291718 310999
Community 72:
9928 285875 286185 285874 286183 286182 94995 297100 286458 286462 286453
Community 73:
114201 76817 37471 121228 145397 145386 101916 101915 145405 101914 145388
Community 74:
299040 359535 361303 359538 228868 359542 361296 361301 361293 359546 287432
Community 75:
331114 331113 320023 355368 320020 321797 280299 319954 274217 322466 319953
Community 76:
318569 319057 155638 310201 318567 349074 319170 318536 319065 319063 329097
Community 77:
96807 96789 96787 96788 50180 4972 88317 96800 77972 7538 96792
Community 78:
359183 359181 359182 359807 359184 393845 89987 359330 359805 326844 42596
Community 79:
275900 7344 72133 43784 255491 56493 32952 323353 53062 2488 28215
Community 80:
127910 128044 128040 136439 128063 124529 136437 99769 75389 128043 128049
Community 81:
149006 89043 21839 26574 89375 165992 150706 134155 20956 100741 93747
Community 82:
57050 26011 17628 72412 17247 66013 84775 9876 47324 14093 80912
Community 83:
295635 325593 225557 76105 321633 30207 125859 85022 183285 145921 109015
Community 84:
185319 31883 33594 25290 42086 18522 130279 120310 19560 63374 120312
Community 85:
15760 11123 17501 2571 11255 25347 26613 15365 13451 6433 26626
Community 86:
199059 20503 31470 40108 67024 174700 30815 149143 72210 116246 131740
